0 0.86640625 0.396875 0.2046875 0.3171875
0 0.959375 0.40234375 0.071875 0.2359375
0 0.821875 0.490625 0.17578125 0.2671875
0 0.7515625 0.5109375 0.16796875 0.22578125
0 0.6921875 0.53515625 0.16328125 0.22578125
0 0.59375 0.55390625 0.228125 0.30546875
0 0.5421875 0.5828125 0.16796875 0.259375
0 0.45546875 0.59765625 0.15859375 0.27421875
0 0.38125 0.61640625 0.14453125 0.2859375
0 0.26328125 0.625 0.19453125 0.303125
0 0.078125 0.65390625 0.09375 0.33203125
0 0.1828125 0.67578125 0.1078125 0.240625